0800 4 1 2 3 4
1315 1 2
1505 1 1
1835 1 2
1840 1 3
2215 1 1
2355 1 2
2915 1 2
2925 2 1 3
3200 1 4
3435 1 2
3635 1 1
3955 1 2
4030 1 3
4345 1 1
4515 1 2
5035 1 2
5200 2 1 3
5600 2 2 4
5910 1 1
6120 1 2
6300 1 3
6620 1 1
6640 1 2
7200 1 2
7330 1 1
7600 1 3
7720 1 2
8000 1 4
8040 1 1
8240 1 2
8700 1 3
8750 1 1
8830 1 2
9350 1 2
9500 1 1
10000 2 2 3
10210 1 1
10400 1 4
10520 1 2
10920 1 1
11100 2 2 3
11620 1 2
11630 1 1
12140 1 2
12400 2 1 3
12800 2 2 4
13110 1 1
13320 1 2
13500 1 3
13820 1 1
13840 1 2
14400 1 2
14530 1 1
14800 1 3
14920 1 2
15200 1 4
15240 1 1
15440 1 2
15900 1 3
15950 1 1
16030 1 2
16550 1 2
16700 1 1
17200 2 2 3
17410 1 1
